   x      f(x)
   0     0.000
   4     1.983
   8     2.800
  12     3.428
  16     3.961
  20     4.427
  24     4.851
  28     5.238
  32     5.602
  36     5.941
  40     6.264
  44     6.569
  48     6.860
  52     7.139
  56     7.409
  60     7.665
  64     7.917
  68     8.164
  72     8.402
  76     8.631
  80     8.852
  84     9.074
  88     9.286
  92     9.497
  96     9.696
 100     9.899
 104    10.095
 108    10.289
 112    10.475
 116    10.665
 120    10.845
 124    11.026
 128    11.201
 132    11.373
 136    11.548
 140    11.715
 144    11.877
 148    12.046
 152    12.207
 156    12.362
 160    12.523
 164    12.675
 168    12.831
 172    12.986
 176    13.133
 180    13.283
 184    13.426
 188    13.571
 192    13.717
 196    13.857
 200    13.998
 204    14.140
 208    14.275
 212    14.417
 216    14.551
 220    14.686
 224    14.813
 228    14.951
 232    15.080
 236    15.211
 240    15.339
 244    15.461
 248    15.588
 252    15.712
 256    15.841
 260    15.965
 264    16.087
 268    16.204
 272    16.330
 276    16.448
 280    16.567
 284    16.684
 288    16.803
 292    16.916
 296    17.035
 300    17.148
 304    17.257
 308    17.376
 312    17.489
 316    17.595
 320    17.710
 324    17.816
 328    17.926
 332    18.041
 336    18.147
 340    18.254
 344    18.358
 348    18.465
 352    18.574
 356    18.677
 360    18.781
 364    18.884
 368    18.988
 372    19.096
 376    19.199
 380    19.300
 384    19.400
 388    19.498
 392    19.601
 396    19.698
 400    19.798
 404    19.899
 408    19.995
 412    20.091
 416    20.189
 420    20.285
 424    20.381
 428    20.483
 432    20.575
 436    20.674
 440    20.768
 444    20.859
 448    20.954
 452    21.047
 456    21.137
 460    21.232
 464    21.322
 468    21.413
 472    21.504
 476    21.595
 480    21.688
 484    21.777
 488    21.869
 492    21.961
 496    22.045
 500    22.133
 504    22.223
 508    22.310
 512    22.400
 516    22.485
 520    22.572
 524    22.662
 528    22.746
 532    22.831
 536    22.916
 540    23.005
 544    23.087
 548    23.173
 552    23.259
 556    23.346
 560    23.425
 564    23.511
 568    23.592
 572    23.679
 576    23.762
 580    23.841
 584    23.924
 588    24.008
 592    24.089
 596    24.166
 600    24.249
 604    24.327
 608    24.410
 612    24.490
 616    24.569
 620    24.650
 624    24.729
 628    24.811
 632    24.889
 636    24.969
 640    25.047
 644    25.122
 648    25.201
 652    25.278
 656    25.354
 660    25.431
 664    25.507
 668    25.585
 672    25.664
 676    25.736
 680    25.814
 684    25.893
 688    25.969
 692    26.043
 696    26.120
 700    26.189
 704    26.265
 708    26.343
 712    26.418
 716    26.492
 720    26.564
 724    26.640
 728    26.708
 732    26.781
 736    26.855
 740    26.928
 744    27.005
 748    27.073
 752    27.146
 756    27.217
 760    27.293
 764    27.360
 768    27.437
 772    27.506
 776    27.574
 780    27.646
 784    27.717
 788    27.791
 792    27.860
 796    27.929
 800    27.998
 804    28.068
 808    28.140
 812    28.211
 816    28.277
 820    28.346
 824    28.418
 828    28.488
 832    28.557
 836    28.626
 840    28.690
 844    28.759
 848    28.831
 852    28.899
 856    28.964
 860    29.029
 864    29.098
 868    29.163
 872    29.232
 876    29.299
 880    29.368
 884    29.434
 888    29.499
 892    29.565
 896    29.632
 900    29.698
 904    29.766
 908    29.827
 912    29.896
 916    29.962
 920    30.024
 924    30.092
 928    30.160
 932    30.221
 936    30.288
 940    30.348
 944    30.414
 948    30.478
 952    30.541
 956    30.605
 960    30.674
 964    30.735
 968    30.800
 972    30.862
 976    30.924
 980    30.990
 984    31.053
 988    31.114
 992    31.181
 996    31.244
1000    31.303

   x      g(x)
   0     0.000
   4     5.659
   8     7.997
  12     9.801
  16    11.317
  20    12.648
  24    13.853
  28    14.969
  32    15.997
  36    16.974
  40    17.887
  44    18.763
  48    19.593
  52    20.397
  56    21.168
  60    21.906
  64    22.628
  68    23.322
  72    24.003
  76    24.659
  80    25.300
  84    25.920
  88    26.532
  92    27.129
  96    27.712
 100    28.287
 104    28.847
 108    29.392
 112    29.934
 116    30.460
 120    30.985
 124    31.496
 128    31.999
 132    32.495
 136    32.986
 140    33.464
 144    33.939
 148    34.406
 152    34.870
 156    35.329
 160    35.777
 164    36.222
 168    36.662
 172    37.091
 176    37.523
 180    37.944
 184    38.370
 188    38.782
 192    39.191
 196    39.595
 200    40.000
 204    40.400
 208    40.789
 212    41.183
 216    41.571
 220    41.950
 224    42.332
 228    42.710
 232    43.078
 236    43.452
 240    43.820
 244    44.181
 248    44.539
 252    44.902
 256    45.252
 260    45.604
 264    45.960
 268    46.301
 272    46.646
 276    46.992
 280    47.326
 284    47.669
 288    48.003
 292    48.335
 296    48.659
 300    48.987
 304    49.314
 308    49.636
 312    49.961
 316    50.277
 320    50.594
 324    50.911
 328    51.228
 332    51.538
 336    51.847
 340    52.153
 344    52.462
 348    52.765
 352    53.069
 356    53.367
 360    53.667
 364    53.964
 368    54.262
 372    54.555
 376    54.844
 380    55.136
 384    55.426
 388    55.712
 392    56.003
 396    56.288
 400    56.571
 404    56.852
 408    57.133
 412    57.409
 416    57.692
 420    57.965
 424    58.244
 428    58.518
 432    58.788
 436    59.062
 440    59.328
 444    59.601
 448    59.866
 452    60.132
 456    60.398
 460    60.660
 464    60.926
 468    61.188
 472    61.446
 476    61.709
 480    61.965
 484    62.222
 488    62.485
 492    62.740
 496    62.989
 500    63.243
 504    63.499
 508    63.751
 512    64.003
 516    64.249
 520    64.498
 524    64.747
 528    64.993
 532    65.240
 536    65.484
 540    65.728
 544    65.971
 548    66.213
 552    66.450
 556    66.695
 560    66.934
 564    67.174
 568    67.412
 572    67.645
 576    67.881
 580    68.118
 584    68.354
 588    68.589
 592    68.821
 596    69.052
 600    69.284
 604    69.512
 608    69.745
 612    69.971
 616    70.198
 620    70.424
 624    70.652
 628    70.882
 632    71.103
 636    71.332
 640    71.551
 644    71.774
 648    72.000
 652    72.222
 656    72.442
 660    72.666
 664    72.883
 668    73.106
 672    73.319
 676    73.536
 680    73.755
 684    73.971
 688    74.188
 692    74.401
 696    74.619
 700    74.831
 704    75.047
 708    75.257
 712    75.471
 716    75.687
 720    75.895
 724    76.106
 728    76.312
 732    76.525
 736    76.731
 740    76.945
 744    77.152
 748    77.355
 752    77.566
 756    77.771
 760    77.972
 764    78.180
 768    78.383
 772    78.588
 776    78.792
 780    78.996
 784    79.195
 788    79.397
 792    79.598
 796    79.800
 800    80.001
 804    80.202
 808    80.400
 812    80.598
 816    80.794
 820    80.997
 824    81.191
 828    81.386
 832    81.587
 836    81.777
 840    81.975
 844    82.172
 848    82.367
 852    82.556
 856    82.756
 860    82.945
 864    83.136
 868    83.329
 872    83.520
 876    83.716
 880    83.903
 884    84.096
 888    84.286
 892    84.475
 896    84.667
 900    84.853
 904    85.044
 908    85.230
 912    85.419
 916    85.605
 920    85.790
 924    85.980
 928    86.164
 932    86.348
 936    86.533
 940    86.718
 944    86.902
 948    87.084
 952    87.270
 956    87.451
 960    87.634
 964    87.817
 968    88.002
 972    88.183
 976    88.361
 980    88.545
 984    88.727
 988    88.906
 992    89.086
 996    89.266
1000    89.444

   x    phi(x)
   0     0.000
   4     3.549
   8     7.051
  12    10.537
  16    14.008
  20    17.471
  24    20.922
  28    24.374
  32    27.818
  36    31.261
  40    34.695
  44    38.126
  48    41.558
  52    44.987
  56    48.413
  60    51.831
  64    55.252
  68    58.671
  72    62.088
  76    65.499
  80    68.912
  84    72.325
  88    75.732
  92    79.137
  96    82.548
 100    85.950
 104    89.353
 108    92.757
 112    96.154
 116    99.556
 120   102.953
 124   106.348
 128   109.742
 132   113.137
 136   116.530
 140   119.928
 144   123.316
 148   126.705
 152   130.099
 156   133.483
 160   136.876
 164   140.262
 168   143.650
 172   147.030
 176   150.418
 180   153.799
 184   157.183
 188   160.569
 192   163.948
 196   167.331
 200   170.712
 204   174.092
 208   177.469
 212   180.849
 216   184.228
 220   187.606
 224   190.983
 228   194.356
 232   197.731
 236   201.107
 240   204.481
 244   207.853
 248   211.225
 252   214.601
 256   217.973
 260   221.344
 264   224.716
 268   228.085
 272   231.454
 276   234.827
 280   238.193
 284   241.563
 288   244.926
 292   248.298
 296   251.663
 300   255.034
 304   258.396
 308   261.764
 312   265.127
 316   268.496
 320   271.858
 324   275.218
 328   278.587
 332   281.951
 336   285.313
 340   288.673
 344   292.036
 348   295.399
 352   298.760
 356   302.122
 360   305.478
 364   308.838
 368   312.199
 372   315.560
 376   318.916
 380   322.275
 384   325.633
 388   328.989
 392   332.351
 396   335.710
 400   339.062
 404   342.420
 408   345.780
 412   349.134
 416   352.486
 420   355.844
 424   359.202
 428   362.555
 432   365.906
 436   369.264
 440   372.617
 444   375.972
 448   379.321
 452   382.674
 456   386.029
 460   389.379
 464   392.731
 468   396.086
 472   399.432
 476   402.787
 480   406.133
 484   409.484
 488   412.837
 492   416.189
 496   419.538
 500   422.884
 504   426.232
 508   429.581
 512   432.931
 516   436.281
 520   439.629
 524   442.977
 528   446.325
 532   449.670
 536   453.018
 540   456.366
 544   459.711
 548   463.055
 552   466.403
 556   469.753
 560   473.095
 564   476.440
 568   479.788
 572   483.133
 576   486.474
 580   489.823
 584   493.166
 588   496.509
 592   499.850
 596   503.197
 600   506.536
 604   509.878
 608   513.226
 612   516.570
 616   519.908
 620   523.250
 624   526.595
 628   529.933
 632   533.273
 636   536.621
 640   539.958
 644   543.298
 648   546.637
 652   549.984
 656   553.318
 660   556.664
 664   560.004
 668   563.340
 672   566.678
 676   570.018
 680   573.356
 684   576.697
 688   580.034
 692   583.375
 696   586.713
 700   590.051
 704   593.388
 708   596.724
 712   600.062
 716   603.404
 720   606.740
 724   610.079
 728   613.409
 732   616.750
 736   620.082
 740   623.423
 744   626.760
 748   630.097
 752   633.432
 756   636.766
 760   640.103
 764   643.434
 768   646.773
 772   650.108
 776   653.442
 780   656.772
 784   660.106
 788   663.444
 792   666.779
 796   670.108
 800   673.447
 804   676.778
 808   680.108
 812   683.445
 816   686.775
 820   690.110
 824   693.441
 828   696.772
 832   700.107
 836   703.441
 840   706.774
 844   710.100
 848   713.438
 852   716.769
 856   720.096
 860   723.432
 864   726.760
 868   730.088
 872   733.420
 876   736.755
 880   740.086
 884   743.413
 888   746.741
 892   750.075
 896   753.400
 900   756.735
 904   760.063
 908   763.392
 912   766.722
 916   770.047
 920   773.377
 924   776.708
 928   780.038
 932   783.363
 936   786.695
 940   790.020
 944   793.347
 948   796.676
 952   800.009
 956   803.335
 960   806.661
 964   809.987
 968   813.314
 972   816.646
 976   819.971
 980   823.299
 984   826.620
 988   829.949
 992   833.274
 996   836.606
1000   839.927

   x    psi(x)
   0     0.000
   4     2.368
   8     4.704
  12     7.022
  16     9.339
  20    11.645
  24    13.952
  28    16.247
  32    18.544
  36    20.838
  40    23.133
  44    25.420
  48    27.703
  52    29.993
  56    32.272
  60    34.555
  64    36.834
  68    39.113
  72    41.390
  76    43.669
  80    45.943
  84    48.219
  88    50.489
  92    52.762
  96    55.032
 100    57.298
 104    59.566
 108    61.834
 112    64.100
 116    66.372
 120    68.633
 124    70.897
 128    73.166
 132    75.423
 136    77.686
 140    79.953
 144    82.213
 148    84.474
 152    86.728
 156    88.990
 160    91.247
 164    93.507
 168    95.762
 172    98.019
 176   100.281
 180   102.538
 184   104.791
 188   107.048
 192   109.302
 196   111.551
 200   113.806
 204   116.062
 208   118.314
 212   120.565
 216   122.819
 220   125.071
 224   127.322
 228   129.570
 232   131.822
 236   134.069
 240   136.319
 244   138.568
 248   140.818
 252   143.066
 256   145.315
 260   147.564
 264   149.806
 268   152.054
 272   154.301
 276   156.548
 280   158.798
 284   161.042
 288   163.284
 292   165.529
 296   167.778
 300   170.024
 304   172.265
 308   174.507
 312   176.750
 316   178.993
 320   181.235
 324   183.478
 328   185.723
 332   187.965
 336   190.207
 340   192.449
 344   194.692
 348   196.931
 352   199.171
 356   201.412
 360   203.654
 364   205.894
 368   208.133
 372   210.370
 376   212.614
 380   214.849
 384   217.090
 388   219.329
 392   221.568
 396   223.807
 400   226.041
 404   228.280
 408   230.517
 412   232.755
 416   234.992
 420   237.231
 424   239.466
 428   241.704
 432   243.941
 436   246.174
 440   248.412
 444   250.645
 448   252.881
 452   255.116
 456   257.354
 460   259.586
 464   261.822
 468   264.057
 472   266.291
 476   268.523
 480   270.758
 484   272.989
 488   275.221
 492   277.456
 496   279.693
 500   281.924
 504   284.156
 508   286.386
 512   288.621
 516   290.857
 520   293.088
 524   295.317
 528   297.548
 532   299.778
 536   302.011
 540   304.243
 544   306.473
 548   308.708
 552   310.938
 556   313.163
 560   315.397
 564   317.625
 568   319.858
 572   322.084
 576   324.317
 580   326.549
 584   328.779
 588   331.008
 592   333.231
 596   335.461
 600   337.689
 604   339.920
 608   342.150
 612   344.381
 616   346.608
 620   348.834
 624   351.061
 628   353.287
 632   355.516
 636   357.745
 640   359.972
 644   362.200
 648   364.430
 652   366.656
 656   368.879
 660   371.109
 664   373.331
 668   375.559
 672   377.790
 676   380.015
 680   382.241
 684   384.467
 688   386.688
 692   388.914
 696   391.144
 700   393.367
 704   395.594
 708   397.816
 712   400.044
 716   402.271
 720   404.490
 724   406.716
 728   408.940
 732   411.168
 736   413.387
 740   415.615
 744   417.838
 748   420.059
 752   422.286
 756   424.511
 760   426.730
 764   428.956
 768   431.178
 772   433.402
 776   435.628
 780   437.853
 784   440.071
 788   442.294
 792   444.517
 796   446.739
 800   448.962
 804   451.184
 808   453.407
 812   455.631
 816   457.851
 820   460.076
 824   462.294
 828   464.515
 832   466.739
 836   468.958
 840   471.179
 844   473.405
 848   475.623
 852   477.845
 856   480.067
 860   482.284
 864   484.510
 868   486.729
 872   488.947
 876   491.170
 880   493.390
 884   495.607
 888   497.830
 892   500.049
 896   502.267
 900   504.490
 904   506.711
 908   508.925
 912   511.148
 916   513.366
 920   515.586
 924   517.806
 928   520.024
 932   522.241
 936   524.462
 940   526.680
 944   528.902
 948   531.120
 952   533.337
 956   535.558
 960   537.772
 964   539.991
 968   542.210
 972   544.426
 976   546.648
 980   548.862
 984   551.081
 988   553.303
 992   555.519
 996   557.737
1000   559.954

